0.61
1.11
1.11
0.62
0.62
0.62
0.62
0.62
1.10
1.10
0.64
0.61
0.62
0.63
0.62
0.63
0.61
0.62
0.63
0.62
0.63
0.63
1.10
0.61
1.09
0.63
0.62
1.10
0.62
0.62
0.63
0.62
1.10
1.10
0.61
1.10
0.64
0.62
0.62
0.63
1.10
0.62
0.62
0.63
1.10
1.10
1.10
0.62
0.61
1.11
1.10
1.11
0.62
0.62
1.08
0.62
0.62
0.62
0.64
1.10
1.10
0.61
1.10
0.62
0.61
0.61
0.63
0.63
0.61
1.10
1.10
1.10
1.10
0.62
1.10
0.62
0.61
0.62
0.61
1.10
1.10
1.10
1.10
1.10
1.10
1.11
1.08
0.63
0.61
1.10
1.10
0.62
1.10
1.10
0.62
0.62
1.10
1.10
0.62
0.64
1.10
0.62
0.62
1.10
0.64
0.62
0.64
1.10
0.62
0.62
0.63
0.61
0.62
1.10
1.10
0.64
1.10
0.63
1.10
0.62
0.60
0.61
0.63
0.64
0.62
1.10
1.10
0.62
1.10
0.62
1.10
0.62
1.10
1.10
0.62
1.10
0.63
1.10
1.10
0.63
0.62
0.63
1.10
1.10
1.10
0.61
0.62
1.10
0.62